3.592843710101663035e-01
1.277959071810421676e-01
3.818974338510821021e-01
3.384988276284519593e-01
7.882045230483392118e-02
2.182600627207338384e-01
3.478004850475464593e-01
4.247595228857945493e-01
6.491983699914127826e-02
2.137807707648509137e-02
2.203743482182209945e-01
1.247284135508319736e-02
2.105063954020220951e-01
2.034694182343506075e-01
1.502634219915166547e-02
6.923860969743023119e-02
4.528693142152206974e-02
1.238351303048936813e-01
3.094930315446342561e-02
2.529726926702258183e-02
4.243105729762328693e-01
1.321694313343440008e-01
4.420713658762989162e-01
3.916644263915598501e-01
1.031684220265876029e-01
2.049374632103670990e-01
3.171502378245834031e-01
4.448892585718651205e-01
9.444268180593384798e-02
5.950295449654774416e-02
